11111111111111111111111111111
11111111111111111111111111111
11000000010111100011000000011
11011111010101110101011111011
11010001011011100111010001011
11010001011111001001010001011
11010001010101001011010001011
11011111010001101111011111011
11000000010101010101000000011
11111111110010110111111111111
11000110010010101110000110011
11101101110110111100101010111
11111110001000010011101001011
11010001100101110110011010111
11110011000000110011010000111
11101100101000110011101001111
11000101011110000001110101011
11111011101000111010111010111
11001110010010101000000000111
11111111110110111001110111111
11000000011010101001010111011
11011111010100011001110011011
11010001011011110000000001111
11010001011011010111101110111
11010001010010010101110110011
11011111010101010010100011111
11000000010110001100001111011
11111111111111111111111111111
11111111111111111111111111111
